100
4 3855 0
4 3674 3
4 3 972
4 3 3858
4 4027 1006
4 2344 585
4 0 2470
4 1464 365
4 6 278
4 3914 3
4 1205 46
4 11 3071
4 11 4
4 405 1621
4 7 497
4 53 13
4 1013 2946
4 1053 0
4 1253 3310
4 477 1912
4 4717 3
4 2936 2
4 42 681
4 1760 109
4 2048 19
4 45 11
4 339 2310
4 5019 1254
4 4084 1020
4 274 1098
4 19 670
4 2567 641
4 50 1050
4 1271 4
4 741 11
4 2 1193
4 298 6
4 33 2162
4 1294 3741
4 9 3234
4 222 889
4 3 3999
4 1066 4268
4 2 2870
4 1843 460
4 593 0
4 1 1845
4 282 70
4 3300 824
4 1 367
4 3711 927
4 2 2706
4 47 391
4 325 1301
4 14 60
4 4861 1053
4 0 2483
4 2218 554
4 983 3933
4 969 3877
4 0 3961
4 20 30
4 0 847
4 28 200
4 262 0
4 662 2651
4 107 429
4 3497 874
4 13 4179
4 2244 560
4 137 552
4 1128 261
4 68 4434
4 47 3092
4 2512 2
4 645 2583
4 1194 4
4 78 5053
4 382 1
4 1937 7
4 4076 1018
4 4412 275
4 3159 789
4 765 191
4 5012 63
4 2764 690
4 831 3326
4 4300 16
4 2 1236
4 89 3232
4 1275 5102
4 462 61
4 790 3163
4 3 4957
4 2 3140
4 22 7
4 2127 531
4 16 39
4 3315 828
4 15 4237