Stack size = 3 Data = 656 46 574
Stack size = 7 Data = 300 327 621 273 656 46 574
Stack size = 5 Data = 621 273 656 46 574
Stack size = 4 Data = 273 656 46 574
Stack size = 2 Data = 46 574
Stack size = 0 Data =
Stack size = 2 Data = 535 396
Stack size = 1 Data = 396
Stack size = 3 Data = 626 973 396
Stack size = 7 Data = 4 15 574 745 626 973 396
Stack size = 48 Data = 507 581 73 342 552 373 392 535 584 660 689 554 468 655 213 437 261 239 463 974 9 288 360 95 143 618 708 438 418 163 520 363 626 40 327 615 685 663 655 569 65 4 15 574 745 626 973 396
Stack size = 37 Data = 554 468 655 213 437 261 239 463 974 9 288 360 95 143 618 708 438 418 163 520 363 626 40 327 615 685 663 655 569 65 4 15 574 745 626 973 396
Stack size = 37 Data = 554 468 655 213 437 261 239 463 974 9 288 360 95 143 618 708 438 418 163 520 363 626 40 327 615 685 663 655 569 65 4 15 574 745 626 973 396
Stack size = 20 Data = 418 163 520 363 626 40 327 615 685 663 655 569 65 4 15 574 745 626 973 396
Stack size = 19 Data = 163 520 363 626 40 327 615 685 663 655 569 65 4 15 574 745 626 973 396
Stack size = 16 Data = 626 40 327 615 685 663 655 569 65 4 15 574 745 626 973 396
Stack size = 42 Data = 688 651 959 331 488 432 618 621 434 561 370 520 562 889 396 23 989 815 699 492 74 800 408 367 707 693 626 40 327 615 685 663 655 569 65 4 15 574 745 626 973 396
Stack size = 21 Data = 800 408 367 707 693 626 40 327 615 685 663 655 569 65 4 15 574 745 626 973 396
Stack size = 18 Data = 707 693 626 40 327 615 685 663 655 569 65 4 15 574 745 626 973 396
Stack size = 9 Data = 569 65 4 15 574 745 626 973 396
Stack size = 15 Data = 365 13 580 649 210 552 569 65 4 15 574 745 626 973 396
Stack size = 8 Data = 65 4 15 574 745 626 973 396
Stack size = 8 Data = 65 4 15 574 745 626 973 396
Stack size = 4 Data = 745 626 973 396
Stack size = 5 Data = 23 745 626 973 396
Stack size = 2 Data = 973 396
Stack size = 1 Data = 396
Stack size = 30 Data = 630 104 513 800 5 721 29 335 896 949 68 104 670 678 281 770 543 916 952 972 900 80 852 493 877 666 23 589 651 396
Stack size = 23 Data = 335 896 949 68 104 670 678 281 770 543 916 952 972 900 80 852 493 877 666 23 589 651 396
Stack size = 15 Data = 770 543 916 952 972 900 80 852 493 877 666 23 589 651 396
Stack size = 26 Data = 508 700 457 675 811 453 295 518 826 99 972 770 543 916 952 972 900 80 852 493 877 666 23 589 651 396
Stack size = 40 Data = 220 371 980 462 629 86 554 897 44 576 722 305 239 971 508 700 457 675 811 453 295 518 826 99 972 770 543 916 952 972 900 80 852 493 877 666 23 589 651 396
Stack size = 24 Data = 457 675 811 453 295 518 826 99 972 770 543 916 952 972 900 80 852 493 877 666 23 589 651 396
Stack size = 16 Data = 972 770 543 916 952 972 900 80 852 493 877 666 23 589 651 396
Stack size = 9 Data = 80 852 493 877 666 23 589 651 396
Stack size = 11 Data = 246 200 80 852 493 877 666 23 589 651 396
Stack size = 8 Data = 852 493 877 666 23 589 651 396
Stack size = 4 Data = 23 589 651 396
Stack size = 5 Data = 80 23 589 651 396
Stack size = 2 Data = 651 396
Stack size = 35 Data = 423 57 201 529 717 14 782 513 499 834 946 803 400 611 996 421 288 800 965 29 891 554 224 57 332 106 2 28 117 304 467 144 652 651 396
Stack size = 21 Data = 996 421 288 800 965 29 891 554 224 57 332 106 2 28 117 304 467 144 652 651 396
Stack size = 10 Data = 106 2 28 117 304 467 144 652 651 396
Stack size = 12 Data = 467 875 106 2 28 117 304 467 144 652 651 396
Stack size = 5 Data = 467 144 652 651 396
Stack size = 6 Data = 403 467 144 652 651 396
Stack size = 27 Data = 228 195 356 507 83 551 295 690 181 190 437 679 747 776 88 472 338 644 490 318 658 403 467 144 652 651 396
Stack size = 20 Data = 690 181 190 437 679 747 776 88 472 338 644 490 318 658 403 467 144 652 651 396
Stack size = 30 Data = 45 606 122 939 45 236 872 899 253 196 690 181 190 437 679 747 776 88 472 338 644 490 318 658 403 467 144 652 651 396
Stack size = 22 Data = 253 196 690 181 190 437 679 747 776 88 472 338 644 490 318 658 403 467 144 652 651 396
Stack size = 12 Data = 472 338 644 490 318 658 403 467 144 652 651 396
Stack size = 14 Data = 209 406 472 338 644 490 318 658 403 467 144 652 651 396
