Stack size = 2 Data = 46 574
Stack size = 10 Data = 109 794 994 688 300 327 621 273 46 574
Stack size = 2 Data = 46 574
Stack size = 2 Data = 46 574
Stack size = 2 Data = 46 574
Stack size = 2 Data = 46 574
Stack size = 6 Data = 363 713 535 396 46 574
Stack size = 0 Data =
Stack size = 4 Data = 861 82 626 973
Stack size = 16 Data = 961 666 865 249 629 336 77 277 4 15 574 745 861 82 626 973
Stack size = 62 Data = 30 574 246 279 443 507 581 73 342 552 373 392 535 584 660 689 554 468 655 213 437 261 239 463 974 9 288 360 95 143 618 708 438 418 163 520 363 626 40 327 615 685 663 655 569 65 961 666 865 249 629 336 77 277 4 15 574 745 861 82 626 973
Stack size = 13 Data = 249 629 336 77 277 4 15 574 745 861 82 626 973
Stack size = 13 Data = 249 629 336 77 277 4 15 574 745 861 82 626 973
Stack size = 12 Data = 629 336 77 277 4 15 574 745 861 82 626 973
Stack size = 18 Data = 410 690 950 512 67 931 629 336 77 277 4 15 574 745 861 82 626 973
Stack size = 13 Data = 931 629 336 77 277 4 15 574 745 861 82 626 973
Stack size = 0 Data =
Stack size = 1 Data = 987
Stack size = 0 Data =
Stack size = 0 Data =
Stack size = 9 Data = 423 860 312 365 13 580 649 210 552
Stack size = 4 Data = 580 649 210 552
Stack size = 12 Data = 115 518 580 607 661 38 851 520 580 649 210 552
Stack size = 7 Data = 38 851 520 580 649 210 552
Stack size = 14 Data = 653 568 279 608 412 570 23 38 851 520 580 649 210 552
Stack size = 4 Data = 580 649 210 552
Stack size = 3 Data = 649 210 552
Stack size = 0 Data =
Stack size = 5 Data = 75 679 610 260 93
Stack size = 8 Data = 485 506 689 75 679 610 260 93
Stack size = 38 Data = 895 943 683 631 712 439 423 146 804 71 478 682 192 916 451 262 292 254 875 508 700 457 675 811 453 295 518 826 99 972 485 506 689 75 679 610 260 93
Stack size = 92 Data = 817 823 729 988 405 971 910 367 890 474 78 369 541 515 380 558 673 309 634 78 198 297 544 207 8 433 486 723 985 300 433 928 400 648 979 256 878 581 494 880 220 371 980 462 629 86 554 897 44 576 722 305 239 971 895 943 683 631 712 439 423 146 804 71 478 682 192 916 451 262 292 254 875 508 700 457 675 811 453 295 518 826 99 972 485 506 689 75 679 610 260 93
Stack size = 50 Data = 980 462 629 86 554 897 44 576 722 305 239 971 895 943 683 631 712 439 423 146 804 71 478 682 192 916 451 262 292 254 875 508 700 457 675 811 453 295 518 826 99 972 485 506 689 75 679 610 260 93
Stack size = 25 Data = 916 451 262 292 254 875 508 700 457 675 811 453 295 518 826 99 972 485 506 689 75 679 610 260 93
Stack size = 6 Data = 689 75 679 610 260 93
Stack size = 10 Data = 769 347 246 200 689 75 679 610 260 93
Stack size = 14 Data = 238 773 363 416 769 347 246 200 689 75 679 610 260 93
Stack size = 8 Data = 246 200 689 75 679 610 260 93
Stack size = 9 Data = 80 246 200 689 75 679 610 260 93
Stack size = 1 Data = 93
Stack size = 36 Data = 405 147 423 57 201 529 717 14 782 513 499 834 946 803 400 611 996 421 288 800 965 29 891 554 224 57 332 106 2 28 117 304 467 144 652 93
Stack size = 31 Data = 529 717 14 782 513 499 834 946 803 400 611 996 421 288 800 965 29 891 554 224 57 332 106 2 28 117 304 467 144 652 93
Stack size = 28 Data = 782 513 499 834 946 803 400 611 996 421 288 800 965 29 891 554 224 57 332 106 2 28 117 304 467 144 652 93
Stack size = 0 Data =
Stack size = 0 Data =
Stack size = 7 Data = 836 600 965 956 871 958 403
Stack size = 2 Data = 958 403
Stack size = 3 Data = 762 958 403
Stack size = 0 Data =
Stack size = 13 Data = 280 881 854 965 534 550 200 687 314 13 729 353 112
Stack size = 10 Data = 965 534 550 200 687 314 13 729 353 112
Stack size = 12 Data = 209 406 965 534 550 200 687 314 13 729 353 112